-2.0;-2.0;8.0
-2.0;-1.9;9.519830056250528
-2.0;-1.7999999999999998;14.149830056250545
-2.0;-1.6999999999999997;19.980169943749495
-2.0;-1.5999999999999996;24.650169943749486
-2.0;-1.4999999999999996;26.25
-2.0;-1.3999999999999995;24.050169943749452
-2.0;-1.2999999999999994;18.780169943749435
-2.0;-1.1999999999999993;12.349830056250479
-2.0;-1.0999999999999992;7.119830056250491
-2.0;-0.9999999999999992;4.999999999999998
-2.0;-0.8999999999999992;6.719830056250553
-2.0;-0.7999999999999993;11.549830056250569
-2.0;-0.6999999999999993;17.580169943749517
-2.0;-0.5999999999999993;22.4501699437495
-2.0;-0.49999999999999933;24.25
-2.0;-0.39999999999999936;22.250169943749448
-2.0;-0.2999999999999994;17.180169943749434
-2.0;-0.19999999999999937;10.949830056250487
-2.0;-0.09999999999999937;5.919830056250502
-2.0;6.38378239159465E-16;4.0
-2.0;0.10000000000000064;5.919830056250548
-2.0;0.20000000000000065;10.949830056250564
-2.0;0.30000000000000066;17.180169943749515
-2.0;0.4000000000000007;22.250169943749498
-2.0;0.5000000000000007;24.25
-2.0;0.6000000000000006;22.45016994374945
-2.0;0.7000000000000006;17.580169943749443
-2.0;0.8000000000000006;11.549830056250494
-2.0;0.9000000000000006;6.7198300562505064
-2.0;1.0000000000000007;5.000000000000002
-2.0;1.1000000000000008;7.119830056250551
-2.0;1.2000000000000008;12.349830056250575
-2.0;1.300000000000001;18.780169943749524
-2.0;1.400000000000001;24.050169943749516
-2.0;1.500000000000001;26.250000000000004
-2.0;1.6000000000000012;24.650169943749436
-2.0;1.7000000000000013;19.9801699437494
-2.0;1.8000000000000014;14.149830056250451
-2.0;1.9000000000000015;9.519830056250484
-1.9;-2.0;9.519830056250527
-1.9;-1.9;11.039660112501059
-1.9;-1.7999999999999998;15.669660112501075
-1.9;-1.6999999999999997;21.50000000000002
-1.9;-1.5999999999999996;26.170000000000016
-1.9;-1.4999999999999996;27.769830056250527
-1.9;-1.3999999999999995;25.56999999999998
-1.9;-1.2999999999999994;20.299999999999965
-1.9;-1.1999999999999993;13.869660112501009
-1.9;-1.0999999999999992;8.639660112501021
-1.9;-0.9999999999999992;6.519830056250527
-1.9;-0.8999999999999992;8.23966011250108
-1.9;-0.7999999999999993;13.069660112501097
-1.9;-0.6999999999999993;19.100000000000048
-1.9;-0.5999999999999993;23.970000000000027
-1.9;-0.49999999999999933;25.769830056250527
-1.9;-0.39999999999999936;23.76999999999998
-1.9;-0.2999999999999994;18.699999999999964
-1.9;-0.19999999999999937;12.469660112501014
-1.9;-0.09999999999999937;7.439660112501031
-1.9;6.38378239159465E-16;5.5198300562505285
-1.9;0.10000000000000064;7.439660112501077
-1.9;0.20000000000000065;12.469660112501092
-1.9;0.30000000000000066;18.700000000000042
-1.9;0.4000000000000007;23.770000000000028
-1.9;0.5000000000000007;25.769830056250527
-1.9;0.6000000000000006;23.96999999999998
-1.9;0.7000000000000006;19.099999999999973
-1.9;0.8000000000000006;13.069660112501024
-1.9;0.9000000000000006;8.239660112501035
-1.9;1.0000000000000007;6.51983005625053
-1.9;1.1000000000000008;8.639660112501081
-1.9;1.2000000000000008;13.869660112501105
-1.9;1.300000000000001;20.300000000000054
-1.9;1.400000000000001;25.570000000000046
-1.9;1.500000000000001;27.769830056250534
-1.9;1.6000000000000012;26.169999999999966
-1.9;1.7000000000000013;21.49999999999993
-1.9;1.8000000000000014;15.669660112500978
-1.9;1.9000000000000015;11.03966011250101
-1.7999999999999998;-2.0;14.149830056250543
-1.7999999999999998;-1.9;15.669660112501072
-1.7999999999999998;-1.7999999999999998;20.299660112501087
-1.7999999999999998;-1.6999999999999997;26.130000000000038
-1.7999999999999998;-1.5999999999999996;30.80000000000003
-1.7999999999999998;-1.4999999999999996;32.39983005625054
-1.7999999999999998;-1.3999999999999995;30.199999999999992
-1.7999999999999998;-1.2999999999999994;24.92999999999998
-1.7999999999999998;-1.1999999999999993;18.499660112501022
-1.7999999999999998;-1.0999999999999992;13.269660112501034
-1.7999999999999998;-0.9999999999999992;11.149830056250543
-1.7999999999999998;-0.8999999999999992;12.869660112501096
-1.7999999999999998;-0.7999999999999993;17.699660112501114
-1.7999999999999998;-0.6999999999999993;23.73000000000006
-1.7999999999999998;-0.5999999999999993;28.600000000000044
-1.7999999999999998;-0.49999999999999933;30.399830056250543
-1.7999999999999998;-0.39999999999999936;28.39999999999999
-1.7999999999999998;-0.2999999999999994;23.329999999999977
-1.7999999999999998;-0.19999999999999937;17.09966011250103
-1.7999999999999998;-0.09999999999999937;12.069660112501047
-1.7999999999999998;6.38378239159465E-16;10.149830056250543
-1.7999999999999998;0.10000000000000064;12.069660112501094
-1.7999999999999998;0.20000000000000065;17.099660112501105
-1.7999999999999998;0.30000000000000066;23.33000000000006
-1.7999999999999998;0.4000000000000007;28.40000000000004
-1.7999999999999998;0.5000000000000007;30.399830056250543
-1.7999999999999998;0.6000000000000006;28.599999999999994
-1.7999999999999998;0.7000000000000006;23.72999999999999
-1.7999999999999998;0.8000000000000006;17.69966011250104
-1.7999999999999998;0.9000000000000006;12.869660112501052
-1.7999999999999998;1.0000000000000007;11.149830056250543
-1.7999999999999998;1.1000000000000008;13.269660112501095
-1.7999999999999998;1.2000000000000008;18.499660112501118
-1.7999999999999998;1.300000000000001;24.930000000000067
-1.7999999999999998;1.400000000000001;30.200000000000063
-1.7999999999999998;1.500000000000001;32.39983005625055
-1.7999999999999998;1.6000000000000012;30.79999999999998
-1.7999999999999998;1.7000000000000013;26.129999999999942
-1.7999999999999998;1.8000000000000014;20.299660112500995
-1.7999999999999998;1.9000000000000015;15.669660112501028
-1.6999999999999997;-2.0;19.980169943749495
-1.6999999999999997;-1.9;21.50000000000002
-1.6999999999999997;-1.7999999999999998;26.130000000000038
-1.6999999999999997;-1.6999999999999997;31.96033988749899
-1.6999999999999997;-1.5999999999999996;36.63033988749898
-1.6999999999999997;-1.4999999999999996;38.230169943749495
-1.6999999999999997;-1.3999999999999995;36.03033988749894
-1.6999999999999997;-1.2999999999999994;30.76033988749893
-1.6999999999999997;-1.1999999999999993;24.329999999999973
-1.6999999999999997;-1.0999999999999992;19.099999999999987
-1.6999999999999997;-0.9999999999999992;16.980169943749495
-1.6999999999999997;-0.8999999999999992;18.700000000000045
-1.6999999999999997;-0.7999999999999993;23.530000000000065
-1.6999999999999997;-0.6999999999999993;29.560339887499012
-1.6999999999999997;-0.5999999999999993;34.430339887498995
-1.6999999999999997;-0.49999999999999933;36.230169943749495
-1.6999999999999997;-0.39999999999999936;34.23033988749894
-1.6999999999999997;-0.2999999999999994;29.160339887498928
-1.6999999999999997;-0.19999999999999937;22.929999999999982
-1.6999999999999997;-0.09999999999999937;17.9
-1.6999999999999997;6.38378239159465E-16;15.980169943749495
-1.6999999999999997;0.10000000000000064;17.900000000000045
-1.6999999999999997;0.20000000000000065;22.930000000000057
-1.6999999999999997;0.30000000000000066;29.16033988749901
-1.6999999999999997;0.4000000000000007;34.23033988749899
-1.6999999999999997;0.5000000000000007;36.230169943749495
-1.6999999999999997;0.6000000000000006;34.430339887498945
-1.6999999999999997;0.7000000000000006;29.56033988749894
-1.6999999999999997;0.8000000000000006;23.52999999999999
-1.6999999999999997;0.9000000000000006;18.700000000000003
-1.6999999999999997;1.0000000000000007;16.980169943749495
-1.6999999999999997;1.1000000000000008;19.100000000000044
-1.6999999999999997;1.2000000000000008;24.33000000000007
-1.6999999999999997;1.300000000000001;30.76033988749902
-1.6999999999999997;1.400000000000001;36.03033988749901
-1.6999999999999997;1.500000000000001;38.2301699437495
-1.6999999999999997;1.6000000000000012;36.630339887498934
-1.6999999999999997;1.7000000000000013;31.960339887498893
-1.6999999999999997;1.8000000000000014;26.129999999999946
-1.6999999999999997;1.9000000000000015;21.49999999999998
-1.5999999999999996;-2.0;24.65016994374949
-1.5999999999999996;-1.9;26.170000000000016
-1.5999999999999996;-1.7999999999999998;30.800000000000033
-1.5999999999999996;-1.6999999999999997;36.63033988749898
-1.5999999999999996;-1.5999999999999996;41.30033988749897
-1.5999999999999996;-1.4999999999999996;42.90016994374948
-1.5999999999999996;-1.3999999999999995;40.700339887498934
-1.5999999999999996;-1.2999999999999994;35.430339887498924
-1.5999999999999996;-1.1999999999999993;28.999999999999968
-1.5999999999999996;-1.0999999999999992;23.769999999999975
-1.5999999999999996;-0.9999999999999992;21.650169943749486
-1.5999999999999996;-0.8999999999999992;23.37000000000004
-1.5999999999999996;-0.7999999999999993;28.200000000000053
-1.5999999999999996;-0.6999999999999993;34.230339887499
-1.5999999999999996;-0.5999999999999993;39.10033988749899
-1.5999999999999996;-0.49999999999999933;40.90016994374949
-1.5999999999999996;-0.39999999999999936;38.90033988749894
-1.5999999999999996;-0.2999999999999994;33.83033988749892
-1.5999999999999996;-0.19999999999999937;27.599999999999973
-1.5999999999999996;-0.09999999999999937;22.56999999999999
-1.5999999999999996;6.38378239159465E-16;20.650169943749486
-1.5999999999999996;0.10000000000000064;22.570000000000036
-1.5999999999999996;0.20000000000000065;27.600000000000048
-1.5999999999999996;0.30000000000000066;33.830339887499
-1.5999999999999996;0.4000000000000007;38.90033988749899
-1.5999999999999996;0.5000000000000007;40.90016994374949
-1.5999999999999996;0.6000000000000006;39.10033988749893
-1.5999999999999996;0.7000000000000006;34.23033988749893
-1.5999999999999996;0.8000000000000006;28.19999999999998
-1.5999999999999996;0.9000000000000006;23.369999999999994
-1.5999999999999996;1.0000000000000007;21.650169943749486
-1.5999999999999996;1.1000000000000008;23.77000000000004
-1.5999999999999996;1.2000000000000008;29.00000000000006
-1.5999999999999996;1.300000000000001;35.43033988749901
-1.5999999999999996;1.400000000000001;40.700339887499005
-1.5999999999999996;1.500000000000001;42.90016994374949
-1.5999999999999996;1.6000000000000012;41.30033988749892
-1.5999999999999996;1.7000000000000013;36.630339887498884
-1.5999999999999996;1.8000000000000014;30.799999999999937
-1.5999999999999996;1.9000000000000015;26.169999999999966
-1.4999999999999996;-2.0;26.25
-1.4999999999999996;-1.9;27.769830056250527
-1.4999999999999996;-1.7999999999999998;32.39983005625055
-1.4999999999999996;-1.6999999999999997;38.230169943749495
-1.4999999999999996;-1.5999999999999996;42.90016994374949
-1.4999999999999996;-1.4999999999999996;44.5
-1.4999999999999996;-1.3999999999999995;42.30016994374945
-1.4999999999999996;-1.2999999999999994;37.030169943749435
-1.4999999999999996;-1.1999999999999993;30.59983005625048
-1.4999999999999996;-1.0999999999999992;25.369830056250493
-1.4999999999999996;-0.9999999999999992;23.25
-1.4999999999999996;-0.8999999999999992;24.96983005625055
-1.4999999999999996;-0.7999999999999993;29.79983005625057
-1.4999999999999996;-0.6999999999999993;35.83016994374952
-1.4999999999999996;-0.5999999999999993;40.7001699437495
-1.4999999999999996;-0.49999999999999933;42.5
-1.4999999999999996;-0.39999999999999936;40.50016994374945
-1.4999999999999996;-0.2999999999999994;35.43016994374943
-1.4999999999999996;-0.19999999999999937;29.199830056250487
-1.4999999999999996;-0.09999999999999937;24.1698300562505
-1.4999999999999996;6.38378239159465E-16;22.25
-1.4999999999999996;0.10000000000000064;24.169830056250547
-1.4999999999999996;0.20000000000000065;29.199830056250562
-1.4999999999999996;0.30000000000000066;35.43016994374952
-1.4999999999999996;0.4000000000000007;40.500169943749505
-1.4999999999999996;0.5000000000000007;42.5
-1.4999999999999996;0.6000000000000006;40.70016994374945
-1.4999999999999996;0.7000000000000006;35.830169943749446
-1.4999999999999996;0.8000000000000006;29.799830056250496
-1.4999999999999996;0.9000000000000006;24.969830056250508
-1.4999999999999996;1.0000000000000007;23.25
-1.4999999999999996;1.1000000000000008;25.36983005625055
-1.4999999999999996;1.2000000000000008;30.59983005625058
-1.4999999999999996;1.300000000000001;37.03016994374953
-1.4999999999999996;1.400000000000001;42.300169943749516
-1.4999999999999996;1.500000000000001;44.5
-1.4999999999999996;1.6000000000000012;42.90016994374943
-1.4999999999999996;1.7000000000000013;38.2301699437494
-1.4999999999999996;1.8000000000000014;32.39983005625045
-1.4999999999999996;1.9000000000000015;27.769830056250484
-1.3999999999999995;-2.0;24.050169943749452
-1.3999999999999995;-1.9;25.56999999999998
-1.3999999999999995;-1.7999999999999998;30.199999999999996
-1.3999999999999995;-1.6999999999999997;36.03033988749894
-1.3999999999999995;-1.5999999999999996;40.700339887498934
-1.3999999999999995;-1.4999999999999996;42.300169943749445
-1.3999999999999995;-1.3999999999999995;40.1003398874989
-1.3999999999999995;-1.2999999999999994;34.83033988749888
-1.3999999999999995;-1.1999999999999993;28.399999999999928
-1.3999999999999995;-1.0999999999999992;23.169999999999938
-1.3999999999999995;-0.9999999999999992;21.05016994374945
-1.3999999999999995;-0.8999999999999992;22.770000000000003
-1.3999999999999995;-0.7999999999999993;27.600000000000016
-1.3999999999999995;-0.6999999999999993;33.63033988749896
-1.3999999999999995;-0.5999999999999993;38.50033988749895
-1.3999999999999995;-0.49999999999999933;40.30016994374945
-1.3999999999999995;-0.39999999999999936;38.3003398874989
-1.3999999999999995;-0.2999999999999994;33.230339887498886
-1.3999999999999995;-0.19999999999999937;26.999999999999936
-1.3999999999999995;-0.09999999999999937;21.969999999999953
-1.3999999999999995;6.38378239159465E-16;20.05016994374945
-1.3999999999999995;0.10000000000000064;21.97
-1.3999999999999995;0.20000000000000065;27.00000000000001
-1.3999999999999995;0.30000000000000066;33.230339887498964
-1.3999999999999995;0.4000000000000007;38.30033988749895
-1.3999999999999995;0.5000000000000007;40.30016994374945
-1.3999999999999995;0.6000000000000006;38.500339887498896
-1.3999999999999995;0.7000000000000006;33.63033988749889
-1.3999999999999995;0.8000000000000006;27.599999999999945
-1.3999999999999995;0.9000000000000006;22.769999999999957
-1.3999999999999995;1.0000000000000007;21.05016994374945
-1.3999999999999995;1.1000000000000008;23.17
-1.3999999999999995;1.2000000000000008;28.400000000000023
-1.3999999999999995;1.300000000000001;34.83033988749897
-1.3999999999999995;1.400000000000001;40.10033988749897
-1.3999999999999995;1.500000000000001;42.30016994374945
-1.3999999999999995;1.6000000000000012;40.700339887498885
-1.3999999999999995;1.7000000000000013;36.03033988749885
-1.3999999999999995;1.8000000000000014;30.1999999999999
-1.3999999999999995;1.9000000000000015;25.56999999999993
-1.2999999999999994;-2.0;18.780169943749435
-1.2999999999999994;-1.9;20.29999999999996
-1.2999999999999994;-1.7999999999999998;24.92999999999998
-1.2999999999999994;-1.6999999999999997;30.76033988749893
-1.2999999999999994;-1.5999999999999996;35.43033988749892
-1.2999999999999994;-1.4999999999999996;37.030169943749435
-1.2999999999999994;-1.3999999999999995;34.83033988749888
-1.2999999999999994;-1.2999999999999994;29.56033988749887
-1.2999999999999994;-1.1999999999999993;23.129999999999914
-1.2999999999999994;-1.0999999999999992;17.899999999999928
-1.2999999999999994;-0.9999999999999992;15.780169943749435
-1.2999999999999994;-0.8999999999999992;17.499999999999986
-1.2999999999999994;-0.7999999999999993;22.330000000000005
-1.2999999999999994;-0.6999999999999993;28.360339887498952
-1.2999999999999994;-0.5999999999999993;33.230339887498936
-1.2999999999999994;-0.49999999999999933;35.030169943749435
-1.2999999999999994;-0.39999999999999936;33.03033988749888
-1.2999999999999994;-0.2999999999999994;27.96033988749887
-1.2999999999999994;-0.19999999999999937;21.729999999999922
-1.2999999999999994;-0.09999999999999937;16.69999999999994
-1.2999999999999994;6.38378239159465E-16;14.780169943749435
-1.2999999999999994;0.10000000000000064;16.699999999999985
-1.2999999999999994;0.20000000000000065;21.729999999999997
-1.2999999999999994;0.30000000000000066;27.96033988749895
-1.2999999999999994;0.4000000000000007;33.03033988749893
-1.2999999999999994;0.5000000000000007;35.030169943749435
-1.2999999999999994;0.6000000000000006;33.230339887498886
-1.2999999999999994;0.7000000000000006;28.36033988749888
-1.2999999999999994;0.8000000000000006;22.32999999999993
-1.2999999999999994;0.9000000000000006;17.499999999999943
-1.2999999999999994;1.0000000000000007;15.780169943749435
-1.2999999999999994;1.1000000000000008;17.899999999999984
-1.2999999999999994;1.2000000000000008;23.13000000000001
-1.2999999999999994;1.300000000000001;29.56033988749896
-1.2999999999999994;1.400000000000001;34.83033988749895
-1.2999999999999994;1.500000000000001;37.03016994374944
-1.2999999999999994;1.6000000000000012;35.430339887498874
-1.2999999999999994;1.7000000000000013;30.760339887498834
-1.2999999999999994;1.8000000000000014;24.929999999999886
-1.2999999999999994;1.9000000000000015;20.29999999999992
-1.1999999999999993;-2.0;12.349830056250479
-1.1999999999999993;-1.9;13.869660112501007
-1.1999999999999993;-1.7999999999999998;18.499660112501026
-1.1999999999999993;-1.6999999999999997;24.329999999999973
-1.1999999999999993;-1.5999999999999996;28.999999999999964
-1.1999999999999993;-1.4999999999999996;30.59983005625048
-1.1999999999999993;-1.3999999999999995;28.399999999999928
-1.1999999999999993;-1.2999999999999994;23.129999999999914
-1.1999999999999993;-1.1999999999999993;16.699660112500958
-1.1999999999999993;-1.0999999999999992;11.46966011250097
-1.1999999999999993;-0.9999999999999992;9.349830056250479
-1.1999999999999993;-0.8999999999999992;11.069660112501031
-1.1999999999999993;-0.7999999999999993;15.899660112501046
-1.1999999999999993;-0.6999999999999993;21.929999999999996
-1.1999999999999993;-0.5999999999999993;26.79999999999998
-1.1999999999999993;-0.49999999999999933;28.59983005625048
-1.1999999999999993;-0.39999999999999936;26.59999999999993
-1.1999999999999993;-0.2999999999999994;21.529999999999916
-1.1999999999999993;-0.19999999999999937;15.299660112500966
-1.1999999999999993;-0.09999999999999937;10.269660112500983
-1.1999999999999993;6.38378239159465E-16;8.349830056250479
-1.1999999999999993;0.10000000000000064;10.269660112501029
-1.1999999999999993;0.20000000000000065;15.29966011250104
-1.1999999999999993;0.30000000000000066;21.529999999999994
-1.1999999999999993;0.4000000000000007;26.59999999999998
-1.1999999999999993;0.5000000000000007;28.59983005625048
-1.1999999999999993;0.6000000000000006;26.79999999999993
-1.1999999999999993;0.7000000000000006;21.92999999999992
-1.1999999999999993;0.8000000000000006;15.899660112500973
-1.1999999999999993;0.9000000000000006;11.069660112500987
-1.1999999999999993;1.0000000000000007;9.349830056250479
-1.1999999999999993;1.1000000000000008;11.46966011250103
-1.1999999999999993;1.2000000000000008;16.699660112501054
-1.1999999999999993;1.300000000000001;23.130000000000003
-1.1999999999999993;1.400000000000001;28.4
-1.1999999999999993;1.500000000000001;30.599830056250482
-1.1999999999999993;1.6000000000000012;28.99999999999992
-1.1999999999999993;1.7000000000000013;24.329999999999878
-1.1999999999999993;1.8000000000000014;18.49966011250093
-1.1999999999999993;1.9000000000000015;13.869660112500963
-1.0999999999999992;-2.0;7.119830056250493
-1.0999999999999992;-1.9;8.639660112501021
-1.0999999999999992;-1.7999999999999998;13.269660112501038
-1.0999999999999992;-1.6999999999999997;19.099999999999984
-1.0999999999999992;-1.5999999999999996;23.769999999999975
-1.0999999999999992;-1.4999999999999996;25.36983005625049
-1.0999999999999992;-1.3999999999999995;23.16999999999994
-1.0999999999999992;-1.2999999999999994;17.899999999999928
-1.0999999999999992;-1.1999999999999993;11.46966011250097
-1.0999999999999992;-1.0999999999999992;6.239660112500983
-1.0999999999999992;-0.9999999999999992;4.119830056250489
-1.0999999999999992;-0.8999999999999992;5.839660112501043
-1.0999999999999992;-0.7999999999999993;10.66966011250106
-1.0999999999999992;-0.6999999999999993;16.700000000000006
-1.0999999999999992;-0.5999999999999993;21.569999999999993
-1.0999999999999992;-0.49999999999999933;23.369830056250493
-1.0999999999999992;-0.39999999999999936;21.36999999999994
-1.0999999999999992;-0.2999999999999994;16.299999999999926
-1.0999999999999992;-0.19999999999999937;10.069660112500976
-1.0999999999999992;-0.09999999999999937;5.039660112500993
-1.0999999999999992;6.38378239159465E-16;3.119830056250491
-1.0999999999999992;0.10000000000000064;5.039660112501039
-1.0999999999999992;0.20000000000000065;10.069660112501055
-1.0999999999999992;0.30000000000000066;16.300000000000004
-1.0999999999999992;0.4000000000000007;21.36999999999999
-1.0999999999999992;0.5000000000000007;23.369830056250493
-1.0999999999999992;0.6000000000000006;21.569999999999943
-1.0999999999999992;0.7000000000000006;16.699999999999932
-1.0999999999999992;0.8000000000000006;10.669660112500985
-1.0999999999999992;0.9000000000000006;5.839660112500997
-1.0999999999999992;1.0000000000000007;4.119830056250493
-1.0999999999999992;1.1000000000000008;6.239660112501044
-1.0999999999999992;1.2000000000000008;11.469660112501066
-1.0999999999999992;1.300000000000001;17.900000000000016
-1.0999999999999992;1.400000000000001;23.17000000000001
-1.0999999999999992;1.500000000000001;25.369830056250493
-1.0999999999999992;1.6000000000000012;23.76999999999993
-1.0999999999999992;1.7000000000000013;19.09999999999989
-1.0999999999999992;1.8000000000000014;13.26966011250094
-1.0999999999999992;1.9000000000000015;8.639660112500973
-0.9999999999999992;-2.0;5.0
-0.9999999999999992;-1.9;6.5198300562505285
-0.9999999999999992;-1.7999999999999998;11.149830056250545
-0.9999999999999992;-1.6999999999999997;16.980169943749495
-0.9999999999999992;-1.5999999999999996;21.650169943749486
-0.9999999999999992;-1.4999999999999996;23.25
-0.9999999999999992;-1.3999999999999995;21.050169943749452
-0.9999999999999992;-1.2999999999999994;15.780169943749435
-0.9999999999999992;-1.1999999999999993;9.349830056250479
-0.9999999999999992;-1.0999999999999992;4.119830056250491
-0.9999999999999992;-0.9999999999999992;1.9999999999999982
-0.9999999999999992;-0.8999999999999992;3.7198300562505526
-0.9999999999999992;-0.7999999999999993;8.549830056250569
-0.9999999999999992;-0.6999999999999993;14.580169943749517
-0.9999999999999992;-0.5999999999999993;19.4501699437495
-0.9999999999999992;-0.49999999999999933;21.25
-0.9999999999999992;-0.39999999999999936;19.250169943749448
-0.9999999999999992;-0.2999999999999994;14.180169943749435
-0.9999999999999992;-0.19999999999999937;7.949830056250486
-0.9999999999999992;-0.09999999999999937;2.919830056250502
-0.9999999999999992;6.38378239159465E-16;1.0
-0.9999999999999992;0.10000000000000064;2.9198300562505484
-0.9999999999999992;0.20000000000000065;7.949830056250564
-0.9999999999999992;0.30000000000000066;14.180169943749513
-0.9999999999999992;0.4000000000000007;19.250169943749498
-0.9999999999999992;0.5000000000000007;21.25
-0.9999999999999992;0.6000000000000006;19.45016994374945
-0.9999999999999992;0.7000000000000006;14.580169943749443
-0.9999999999999992;0.8000000000000006;8.549830056250494
-0.9999999999999992;0.9000000000000006;3.7198300562505064
-0.9999999999999992;1.0000000000000007;2.0000000000000018
-0.9999999999999992;1.1000000000000008;4.119830056250551
-0.9999999999999992;1.2000000000000008;9.349830056250575
-0.9999999999999992;1.300000000000001;15.780169943749524
-0.9999999999999992;1.400000000000001;21.050169943749516
-0.9999999999999992;1.500000000000001;23.250000000000004
-0.9999999999999992;1.6000000000000012;21.65016994374944
-0.9999999999999992;1.7000000000000013;16.9801699437494
-0.9999999999999992;1.8000000000000014;11.149830056250451
-0.9999999999999992;1.9000000000000015;6.519830056250484
-0.8999999999999992;-2.0;6.719830056250551
-0.8999999999999992;-1.9;8.239660112501083
-0.8999999999999992;-1.7999999999999998;12.8696601125011
-0.8999999999999992;-1.6999999999999997;18.700000000000045
-0.8999999999999992;-1.5999999999999996;23.37000000000004
-0.8999999999999992;-1.4999999999999996;24.96983005625055
-0.8999999999999992;-1.3999999999999995;22.770000000000003
-0.8999999999999992;-1.2999999999999994;17.499999999999986
-0.8999999999999992;-1.1999999999999993;11.069660112501031
-0.8999999999999992;-1.0999999999999992;5.839660112501045
-0.8999999999999992;-0.9999999999999992;3.719830056250551
-0.8999999999999992;-0.8999999999999992;5.439660112501105
-0.8999999999999992;-0.7999999999999993;10.269660112501121
-0.8999999999999992;-0.6999999999999993;16.300000000000068
-0.8999999999999992;-0.5999999999999993;21.17000000000005
-0.8999999999999992;-0.49999999999999933;22.96983005625055
-0.8999999999999992;-0.39999999999999936;20.970000000000002
-0.8999999999999992;-0.2999999999999994;15.899999999999988
-0.8999999999999992;-0.19999999999999937;9.669660112501038
-0.8999999999999992;-0.09999999999999937;4.639660112501055
-0.8999999999999992;6.38378239159465E-16;2.7198300562505526
-0.8999999999999992;0.10000000000000064;4.639660112501101
-0.8999999999999992;0.20000000000000065;9.669660112501116
-0.8999999999999992;0.30000000000000066;15.900000000000066
-0.8999999999999992;0.4000000000000007;20.970000000000052
-0.8999999999999992;0.5000000000000007;22.96983005625055
-0.8999999999999992;0.6000000000000006;21.170000000000005
-0.8999999999999992;0.7000000000000006;16.299999999999997
-0.8999999999999992;0.8000000000000006;10.269660112501047
-0.8999999999999992;0.9000000000000006;5.439660112501059
-0.8999999999999992;1.0000000000000007;3.7198300562505544
-0.8999999999999992;1.1000000000000008;5.839660112501106
-0.8999999999999992;1.2000000000000008;11.069660112501127
-0.8999999999999992;1.300000000000001;17.500000000000078
-0.8999999999999992;1.400000000000001;22.77000000000007
-0.8999999999999992;1.500000000000001;24.969830056250558
-0.8999999999999992;1.6000000000000012;23.36999999999999
-0.8999999999999992;1.7000000000000013;18.69999999999995
-0.8999999999999992;1.8000000000000014;12.869660112501004
-0.8999999999999992;1.9000000000000015;8.239660112501035
-0.7999999999999993;-2.0;11.54983005625057
-0.7999999999999993;-1.9;13.069660112501099
-0.7999999999999993;-1.7999999999999998;17.699660112501114
-0.7999999999999993;-1.6999999999999997;23.530000000000065
-0.7999999999999993;-1.5999999999999996;28.200000000000056
-0.7999999999999993;-1.4999999999999996;29.79983005625057
-0.7999999999999993;-1.3999999999999995;27.60000000000002
-0.7999999999999993;-1.2999999999999994;22.330000000000005
-0.7999999999999993;-1.1999999999999993;15.89966011250105
-0.7999999999999993;-1.0999999999999992;10.669660112501061
-0.7999999999999993;-0.9999999999999992;8.54983005625057
-0.7999999999999993;-0.8999999999999992;10.269660112501123
-0.7999999999999993;-0.7999999999999993;15.099660112501141
-0.7999999999999993;-0.6999999999999993;21.130000000000088
-0.7999999999999993;-0.5999999999999993;26.00000000000007
-0.7999999999999993;-0.49999999999999933;27.79983005625057
-0.7999999999999993;-0.39999999999999936;25.80000000000002
-0.7999999999999993;-0.2999999999999994;20.730000000000004
-0.7999999999999993;-0.19999999999999937;14.499660112501058
-0.7999999999999993;-0.09999999999999937;9.469660112501074
-0.7999999999999993;6.38378239159465E-16;7.5498300562505705
-0.7999999999999993;0.10000000000000064;9.46966011250112
-0.7999999999999993;0.20000000000000065;14.499660112501132
-0.7999999999999993;0.30000000000000066;20.730000000000086
-0.7999999999999993;0.4000000000000007;25.800000000000068
-0.7999999999999993;0.5000000000000007;27.79983005625057
-0.7999999999999993;0.6000000000000006;26.00000000000002
-0.7999999999999993;0.7000000000000006;21.130000000000017
-0.7999999999999993;0.8000000000000006;15.099660112501065
-0.7999999999999993;0.9000000000000006;10.269660112501079
-0.7999999999999993;1.0000000000000007;8.54983005625057
-0.7999999999999993;1.1000000000000008;10.669660112501122
-0.7999999999999993;1.2000000000000008;15.899660112501145
-0.7999999999999993;1.300000000000001;22.330000000000094
-0.7999999999999993;1.400000000000001;27.60000000000009
-0.7999999999999993;1.500000000000001;29.799830056250574
-0.7999999999999993;1.6000000000000012;28.200000000000006
-0.7999999999999993;1.7000000000000013;23.52999999999997
-0.7999999999999993;1.8000000000000014;17.69966011250102
-0.7999999999999993;1.9000000000000015;13.069660112501055
-0.6999999999999993;-2.0;17.580169943749517
-0.6999999999999993;-1.9;19.100000000000044
-0.6999999999999993;-1.7999999999999998;23.73000000000006
-0.6999999999999993;-1.6999999999999997;29.560339887499012
-0.6999999999999993;-1.5999999999999996;34.230339887499
-0.6999999999999993;-1.4999999999999996;35.83016994374952
-0.6999999999999993;-1.3999999999999995;33.63033988749896
-0.6999999999999993;-1.2999999999999994;28.360339887498952
-0.6999999999999993;-1.1999999999999993;21.929999999999996
-0.6999999999999993;-1.0999999999999992;16.70000000000001
-0.6999999999999993;-0.9999999999999992;14.580169943749517
-0.6999999999999993;-0.8999999999999992;16.300000000000068
-0.6999999999999993;-0.7999999999999993;21.130000000000088
-0.6999999999999993;-0.6999999999999993;27.160339887499035
-0.6999999999999993;-0.5999999999999993;32.03033988749902
-0.6999999999999993;-0.49999999999999933;33.83016994374952
-0.6999999999999993;-0.39999999999999936;31.830339887498965
-0.6999999999999993;-0.2999999999999994;26.76033988749895
-0.6999999999999993;-0.19999999999999937;20.530000000000005
-0.6999999999999993;-0.09999999999999937;15.500000000000021
-0.6999999999999993;6.38378239159465E-16;13.580169943749517
-0.6999999999999993;0.10000000000000064;15.500000000000068
-0.6999999999999993;0.20000000000000065;20.53000000000008
-0.6999999999999993;0.30000000000000066;26.760339887499033
-0.6999999999999993;0.4000000000000007;31.830339887499015
-0.6999999999999993;0.5000000000000007;33.83016994374952
-0.6999999999999993;0.6000000000000006;32.03033988749897
-0.6999999999999993;0.7000000000000006;27.160339887498964
-0.6999999999999993;0.8000000000000006;21.130000000000013
-0.6999999999999993;0.9000000000000006;16.300000000000026
-0.6999999999999993;1.0000000000000007;14.580169943749517
-0.6999999999999993;1.1000000000000008;16.700000000000067
-0.6999999999999993;1.2000000000000008;21.930000000000092
-0.6999999999999993;1.300000000000001;28.36033988749904
-0.6999999999999993;1.400000000000001;33.630339887499034
-0.6999999999999993;1.500000000000001;35.830169943749524
-0.6999999999999993;1.6000000000000012;34.23033988749896
-0.6999999999999993;1.7000000000000013;29.560339887498916
-0.6999999999999993;1.8000000000000014;23.72999999999997
-0.6999999999999993;1.9000000000000015;19.1
-0.5999999999999993;-2.0;22.4501699437495
-0.5999999999999993;-1.9;23.970000000000027
-0.5999999999999993;-1.7999999999999998;28.600000000000044
-0.5999999999999993;-1.6999999999999997;34.430339887498995
-0.5999999999999993;-1.5999999999999996;39.10033988749899
-0.5999999999999993;-1.4999999999999996;40.7001699437495
-0.5999999999999993;-1.3999999999999995;38.50033988749895
-0.5999999999999993;-1.2999999999999994;33.230339887498936
-0.5999999999999993;-1.1999999999999993;26.79999999999998
-0.5999999999999993;-1.0999999999999992;21.569999999999993
-0.5999999999999993;-0.9999999999999992;19.4501699437495
-0.5999999999999993;-0.8999999999999992;21.17000000000005
-0.5999999999999993;-0.7999999999999993;26.00000000000007
-0.5999999999999993;-0.6999999999999993;32.03033988749902
-0.5999999999999993;-0.5999999999999993;36.900339887499
-0.5999999999999993;-0.49999999999999933;38.7001699437495
-0.5999999999999993;-0.39999999999999936;36.70033988749895
-0.5999999999999993;-0.2999999999999994;31.630339887498934
-0.5999999999999993;-0.19999999999999937;25.399999999999988
-0.5999999999999993;-0.09999999999999937;20.370000000000005
-0.5999999999999993;6.38378239159465E-16;18.4501699437495
-0.5999999999999993;0.10000000000000064;20.37000000000005
-0.5999999999999993;0.20000000000000065;25.400000000000063
-0.5999999999999993;0.30000000000000066;31.630339887499016
-0.5999999999999993;0.4000000000000007;36.700339887499
-0.5999999999999993;0.5000000000000007;38.7001699437495
-0.5999999999999993;0.6000000000000006;36.90033988749895
-0.5999999999999993;0.7000000000000006;32.03033988749895
-0.5999999999999993;0.8000000000000006;25.999999999999996
-0.5999999999999993;0.9000000000000006;21.17000000000001
-0.5999999999999993;1.0000000000000007;19.4501699437495
-0.5999999999999993;1.1000000000000008;21.57000000000005
-0.5999999999999993;1.2000000000000008;26.800000000000075
-0.5999999999999993;1.300000000000001;33.23033988749902
-0.5999999999999993;1.400000000000001;38.500339887499024
-0.5999999999999993;1.500000000000001;40.7001699437495
-0.5999999999999993;1.6000000000000012;39.10033988749893
-0.5999999999999993;1.7000000000000013;34.430339887498896
-0.5999999999999993;1.8000000000000014;28.59999999999995
-0.5999999999999993;1.9000000000000015;23.969999999999985
-0.49999999999999933;-2.0;24.25
-0.49999999999999933;-1.9;25.769830056250527
-0.49999999999999933;-1.7999999999999998;30.39983005625055
-0.49999999999999933;-1.6999999999999997;36.230169943749495
-0.49999999999999933;-1.5999999999999996;40.90016994374949
-0.49999999999999933;-1.4999999999999996;42.5
-0.49999999999999933;-1.3999999999999995;40.30016994374945
-0.49999999999999933;-1.2999999999999994;35.030169943749435
-0.49999999999999933;-1.1999999999999993;28.59983005625048
-0.49999999999999933;-1.0999999999999992;23.369830056250493
-0.49999999999999933;-0.9999999999999992;21.25
-0.49999999999999933;-0.8999999999999992;22.96983005625055
-0.49999999999999933;-0.7999999999999993;27.79983005625057
-0.49999999999999933;-0.6999999999999993;33.83016994374952
-0.49999999999999933;-0.5999999999999993;38.7001699437495
-0.49999999999999933;-0.49999999999999933;40.5
-0.49999999999999933;-0.39999999999999936;38.50016994374945
-0.49999999999999933;-0.2999999999999994;33.43016994374943
-0.49999999999999933;-0.19999999999999937;27.199830056250487
-0.49999999999999933;-0.09999999999999937;22.169830056250504
-0.49999999999999933;6.38378239159465E-16;20.25
-0.49999999999999933;0.10000000000000064;22.16983005625055
-0.49999999999999933;0.20000000000000065;27.199830056250562
-0.49999999999999933;0.30000000000000066;33.43016994374951
-0.49999999999999933;0.4000000000000007;38.5001699437495
-0.49999999999999933;0.5000000000000007;40.5
-0.49999999999999933;0.6000000000000006;38.70016994374945
-0.49999999999999933;0.7000000000000006;33.830169943749446
-0.49999999999999933;0.8000000000000006;27.799830056250496
-0.49999999999999933;0.9000000000000006;22.969830056250508
-0.49999999999999933;1.0000000000000007;21.25
-0.49999999999999933;1.1000000000000008;23.36983005625055
-0.49999999999999933;1.2000000000000008;28.599830056250575
-0.49999999999999933;1.300000000000001;35.03016994374952
-0.49999999999999933;1.400000000000001;40.300169943749516
-0.49999999999999933;1.500000000000001;42.5
-0.49999999999999933;1.6000000000000012;40.90016994374943
-0.49999999999999933;1.7000000000000013;36.2301699437494
-0.49999999999999933;1.8000000000000014;30.399830056250448
-0.49999999999999933;1.9000000000000015;25.769830056250484
-0.39999999999999936;-2.0;22.250169943749448
-0.39999999999999936;-1.9;23.769999999999975
-0.39999999999999936;-1.7999999999999998;28.39999999999999
-0.39999999999999936;-1.6999999999999997;34.23033988749894
-0.39999999999999936;-1.5999999999999996;38.90033988749893
-0.39999999999999936;-1.4999999999999996;40.50016994374945
-0.39999999999999936;-1.3999999999999995;38.30033988749889
-0.39999999999999936;-1.2999999999999994;33.03033988749888
-0.39999999999999936;-1.1999999999999993;26.599999999999927
-0.39999999999999936;-1.0999999999999992;21.36999999999994
-0.39999999999999936;-0.9999999999999992;19.250169943749448
-0.39999999999999936;-0.8999999999999992;20.97
-0.39999999999999936;-0.7999999999999993;25.80000000000002
-0.39999999999999936;-0.6999999999999993;31.830339887498965
-0.39999999999999936;-0.5999999999999993;36.70033988749895
-0.39999999999999936;-0.49999999999999933;38.50016994374945
-0.39999999999999936;-0.39999999999999936;36.500339887498896
-0.39999999999999936;-0.2999999999999994;31.43033988749888
-0.39999999999999936;-0.19999999999999937;25.199999999999935
-0.39999999999999936;-0.09999999999999937;20.169999999999952
-0.39999999999999936;6.38378239159465E-16;18.250169943749448
-0.39999999999999936;0.10000000000000064;20.169999999999998
-0.39999999999999936;0.20000000000000065;25.20000000000001
-0.39999999999999936;0.30000000000000066;31.430339887498963
-0.39999999999999936;0.4000000000000007;36.500339887498946
-0.39999999999999936;0.5000000000000007;38.50016994374945
-0.39999999999999936;0.6000000000000006;36.7003398874989
-0.39999999999999936;0.7000000000000006;31.830339887498894
-0.39999999999999936;0.8000000000000006;25.799999999999944
-0.39999999999999936;0.9000000000000006;20.969999999999956
-0.39999999999999936;1.0000000000000007;19.250169943749448
-0.39999999999999936;1.1000000000000008;21.369999999999997
-0.39999999999999936;1.2000000000000008;26.600000000000023
-0.39999999999999936;1.300000000000001;33.03033988749897
-0.39999999999999936;1.400000000000001;38.300339887498964
-0.39999999999999936;1.500000000000001;40.500169943749455
-0.39999999999999936;1.6000000000000012;38.90033988749889
-0.39999999999999936;1.7000000000000013;34.23033988749884
-0.39999999999999936;1.8000000000000014;28.3999999999999
-0.39999999999999936;1.9000000000000015;23.769999999999932
-0.2999999999999994;-2.0;17.180169943749434
-0.2999999999999994;-1.9;18.69999999999996
-0.2999999999999994;-1.7999999999999998;23.329999999999977
-0.2999999999999994;-1.6999999999999997;29.160339887498928
-0.2999999999999994;-1.5999999999999996;33.83033988749892
-0.2999999999999994;-1.4999999999999996;35.43016994374943
-0.2999999999999994;-1.3999999999999995;33.230339887498886
-0.2999999999999994;-1.2999999999999994;27.96033988749887
-0.2999999999999994;-1.1999999999999993;21.529999999999912
-0.2999999999999994;-1.0999999999999992;16.299999999999926
-0.2999999999999994;-0.9999999999999992;14.180169943749434
-0.2999999999999994;-0.8999999999999992;15.899999999999986
-0.2999999999999994;-0.7999999999999993;20.730000000000004
-0.2999999999999994;-0.6999999999999993;26.76033988749895
-0.2999999999999994;-0.5999999999999993;31.630339887498934
-0.2999999999999994;-0.49999999999999933;33.43016994374943
-0.2999999999999994;-0.39999999999999936;31.43033988749888
-0.2999999999999994;-0.2999999999999994;26.360339887498867
-0.2999999999999994;-0.19999999999999937;20.12999999999992
-0.2999999999999994;-0.09999999999999937;15.099999999999937
-0.2999999999999994;6.38378239159465E-16;13.180169943749434
-0.2999999999999994;0.10000000000000064;15.099999999999984
-0.2999999999999994;0.20000000000000065;20.129999999999995
-0.2999999999999994;0.30000000000000066;26.36033988749895
-0.2999999999999994;0.4000000000000007;31.43033988749893
-0.2999999999999994;0.5000000000000007;33.43016994374943
-0.2999999999999994;0.6000000000000006;31.630339887498884
-0.2999999999999994;0.7000000000000006;26.76033988749888
-0.2999999999999994;0.8000000000000006;20.72999999999993
-0.2999999999999994;0.9000000000000006;15.899999999999942
-0.2999999999999994;1.0000000000000007;14.180169943749434
-0.2999999999999994;1.1000000000000008;16.299999999999983
-0.2999999999999994;1.2000000000000008;21.53000000000001
-0.2999999999999994;1.300000000000001;27.960339887498957
-0.2999999999999994;1.400000000000001;33.23033988749896
-0.2999999999999994;1.500000000000001;35.43016994374943
-0.2999999999999994;1.6000000000000012;33.830339887498866
-0.2999999999999994;1.7000000000000013;29.160339887498832
-0.2999999999999994;1.8000000000000014;23.329999999999885
-0.2999999999999994;1.9000000000000015;18.699999999999918
-0.19999999999999937;-2.0;10.949830056250487
-0.19999999999999937;-1.9;12.469660112501016
-0.19999999999999937;-1.7999999999999998;17.099660112501034
-0.19999999999999937;-1.6999999999999997;22.929999999999982
-0.19999999999999937;-1.5999999999999996;27.599999999999973
-0.19999999999999937;-1.4999999999999996;29.199830056250487
-0.19999999999999937;-1.3999999999999995;26.999999999999936
-0.19999999999999937;-1.2999999999999994;21.729999999999922
-0.19999999999999937;-1.1999999999999993;15.299660112500966
-0.19999999999999937;-1.0999999999999992;10.069660112500978
-0.19999999999999937;-0.9999999999999992;7.949830056250487
-0.19999999999999937;-0.8999999999999992;9.66966011250104
-0.19999999999999937;-0.7999999999999993;14.499660112501054
-0.19999999999999937;-0.6999999999999993;20.530000000000005
-0.19999999999999937;-0.5999999999999993;25.399999999999988
-0.19999999999999937;-0.49999999999999933;27.199830056250487
-0.19999999999999937;-0.39999999999999936;25.19999999999994
-0.19999999999999937;-0.2999999999999994;20.129999999999924
-0.19999999999999937;-0.19999999999999937;13.899660112500975
-0.19999999999999937;-0.09999999999999937;8.869660112500991
-0.19999999999999937;6.38378239159465E-16;6.949830056250487
-0.19999999999999937;0.10000000000000064;8.869660112501037
-0.19999999999999937;0.20000000000000065;13.89966011250105
-0.19999999999999937;0.30000000000000066;20.130000000000003
-0.19999999999999937;0.4000000000000007;25.19999999999999
-0.19999999999999937;0.5000000000000007;27.199830056250487
-0.19999999999999937;0.6000000000000006;25.399999999999938
-0.19999999999999937;0.7000000000000006;20.52999999999993
-0.19999999999999937;0.8000000000000006;14.499660112500981
-0.19999999999999937;0.9000000000000006;9.669660112500996
-0.19999999999999937;1.0000000000000007;7.949830056250487
-0.19999999999999937;1.1000000000000008;10.069660112501039
-0.19999999999999937;1.2000000000000008;15.299660112501062
-0.19999999999999937;1.300000000000001;21.73000000000001
-0.19999999999999937;1.400000000000001;27.000000000000007
-0.19999999999999937;1.500000000000001;29.19983005625049
-0.19999999999999937;1.6000000000000012;27.599999999999927
-0.19999999999999937;1.7000000000000013;22.929999999999886
-0.19999999999999937;1.8000000000000014;17.09966011250094
-0.19999999999999937;1.9000000000000015;12.469660112500971
-0.09999999999999937;-2.0;5.919830056250504
-0.09999999999999937;-1.9;7.439660112501032
-0.09999999999999937;-1.7999999999999998;12.06966011250105
-0.09999999999999937;-1.6999999999999997;17.9
-0.09999999999999937;-1.5999999999999996;22.56999999999999
-0.09999999999999937;-1.4999999999999996;24.169830056250504
-0.09999999999999937;-1.3999999999999995;21.969999999999956
-0.09999999999999937;-1.2999999999999994;16.69999999999994
-0.09999999999999937;-1.1999999999999993;10.269660112500983
-0.09999999999999937;-1.0999999999999992;5.039660112500995
-0.09999999999999937;-0.9999999999999992;2.919830056250502
-0.09999999999999937;-0.8999999999999992;4.639660112501057
-0.09999999999999937;-0.7999999999999993;9.469660112501073
-0.09999999999999937;-0.6999999999999993;15.500000000000021
-0.09999999999999937;-0.5999999999999993;20.370000000000005
-0.09999999999999937;-0.49999999999999933;22.169830056250504
-0.09999999999999937;-0.39999999999999936;20.169999999999952
-0.09999999999999937;-0.2999999999999994;15.09999999999994
-0.09999999999999937;-0.19999999999999937;8.869660112500991
-0.09999999999999937;-0.09999999999999937;3.839660112501006
-0.09999999999999937;6.38378239159465E-16;1.919830056250504
-0.09999999999999937;0.10000000000000064;3.8396601125010523
-0.09999999999999937;0.20000000000000065;8.869660112501068
-0.09999999999999937;0.30000000000000066;15.100000000000017
-0.09999999999999937;0.4000000000000007;20.17
-0.09999999999999937;0.5000000000000007;22.169830056250504
-0.09999999999999937;0.6000000000000006;20.369999999999955
-0.09999999999999937;0.7000000000000006;15.499999999999947
-0.09999999999999937;0.8000000000000006;9.469660112500998
-0.09999999999999937;0.9000000000000006;4.63966011250101
-0.09999999999999937;1.0000000000000007;2.9198300562505057
-0.09999999999999937;1.1000000000000008;5.039660112501055
-0.09999999999999937;1.2000000000000008;10.269660112501079
-0.09999999999999937;1.300000000000001;16.700000000000028
-0.09999999999999937;1.400000000000001;21.97000000000002
-0.09999999999999937;1.500000000000001;24.169830056250508
-0.09999999999999937;1.6000000000000012;22.569999999999943
-0.09999999999999937;1.7000000000000013;17.899999999999903
-0.09999999999999937;1.8000000000000014;12.069660112500955
-0.09999999999999937;1.9000000000000015;7.439660112500988
6.38378239159465E-16;-2.0;4.0
6.38378239159465E-16;-1.9;5.5198300562505285
6.38378239159465E-16;-1.7999999999999998;10.149830056250545
6.38378239159465E-16;-1.6999999999999997;15.980169943749495
6.38378239159465E-16;-1.5999999999999996;20.650169943749486
6.38378239159465E-16;-1.4999999999999996;22.25
6.38378239159465E-16;-1.3999999999999995;20.050169943749452
6.38378239159465E-16;-1.2999999999999994;14.780169943749435
6.38378239159465E-16;-1.1999999999999993;8.349830056250479
6.38378239159465E-16;-1.0999999999999992;3.119830056250491
6.38378239159465E-16;-0.9999999999999992;0.9999999999999982
6.38378239159465E-16;-0.8999999999999992;2.7198300562505526
6.38378239159465E-16;-0.7999999999999993;7.549830056250569
6.38378239159465E-16;-0.6999999999999993;13.580169943749517
6.38378239159465E-16;-0.5999999999999993;18.4501699437495
6.38378239159465E-16;-0.49999999999999933;20.25
6.38378239159465E-16;-0.39999999999999936;18.250169943749448
6.38378239159465E-16;-0.2999999999999994;13.180169943749435
6.38378239159465E-16;-0.19999999999999937;6.949830056250486
6.38378239159465E-16;-0.09999999999999937;1.9198300562505022
6.38378239159465E-16;6.38378239159465E-16;0.0
6.38378239159465E-16;0.10000000000000064;1.9198300562505484
6.38378239159465E-16;0.20000000000000065;6.949830056250564
6.38378239159465E-16;0.30000000000000066;13.180169943749513
6.38378239159465E-16;0.4000000000000007;18.250169943749498
6.38378239159465E-16;0.5000000000000007;20.25
6.38378239159465E-16;0.6000000000000006;18.45016994374945
6.38378239159465E-16;0.7000000000000006;13.580169943749443
6.38378239159465E-16;0.8000000000000006;7.549830056250494
6.38378239159465E-16;0.9000000000000006;2.7198300562505064
6.38378239159465E-16;1.0000000000000007;1.0000000000000018
6.38378239159465E-16;1.1000000000000008;3.119830056250551
6.38378239159465E-16;1.2000000000000008;8.349830056250575
6.38378239159465E-16;1.300000000000001;14.780169943749524
6.38378239159465E-16;1.400000000000001;20.050169943749516
6.38378239159465E-16;1.500000000000001;22.250000000000004
6.38378239159465E-16;1.6000000000000012;20.65016994374944
6.38378239159465E-16;1.7000000000000013;15.980169943749399
6.38378239159465E-16;1.8000000000000014;10.149830056250451
6.38378239159465E-16;1.9000000000000015;5.519830056250484
0.10000000000000064;-2.0;5.91983005625055
0.10000000000000064;-1.9;7.439660112501079
0.10000000000000064;-1.7999999999999998;12.069660112501095
0.10000000000000064;-1.6999999999999997;17.900000000000045
0.10000000000000064;-1.5999999999999996;22.570000000000036
0.10000000000000064;-1.4999999999999996;24.169830056250547
0.10000000000000064;-1.3999999999999995;21.97
0.10000000000000064;-1.2999999999999994;16.699999999999985
0.10000000000000064;-1.1999999999999993;10.269660112501029
0.10000000000000064;-1.0999999999999992;5.039660112501041
0.10000000000000064;-0.9999999999999992;2.9198300562505484
0.10000000000000064;-0.8999999999999992;4.639660112501103
0.10000000000000064;-0.7999999999999993;9.469660112501119
0.10000000000000064;-0.6999999999999993;15.500000000000068
0.10000000000000064;-0.5999999999999993;20.37000000000005
0.10000000000000064;-0.49999999999999933;22.16983005625055
0.10000000000000064;-0.39999999999999936;20.17
0.10000000000000064;-0.2999999999999994;15.099999999999985
0.10000000000000064;-0.19999999999999937;8.869660112501037
0.10000000000000064;-0.09999999999999937;3.8396601125010523
0.10000000000000064;6.38378239159465E-16;1.9198300562505501
0.10000000000000064;0.10000000000000064;3.8396601125010985
0.10000000000000064;0.20000000000000065;8.869660112501114
0.10000000000000064;0.30000000000000066;15.100000000000064
0.10000000000000064;0.4000000000000007;20.17000000000005
0.10000000000000064;0.5000000000000007;22.16983005625055
0.10000000000000064;0.6000000000000006;20.370000000000005
0.10000000000000064;0.7000000000000006;15.499999999999993
0.10000000000000064;0.8000000000000006;9.469660112501044
0.10000000000000064;0.9000000000000006;4.639660112501057
0.10000000000000064;1.0000000000000007;2.919830056250552
0.10000000000000064;1.1000000000000008;5.039660112501101
0.10000000000000064;1.2000000000000008;10.269660112501125
0.10000000000000064;1.300000000000001;16.700000000000074
0.10000000000000064;1.400000000000001;21.97000000000007
0.10000000000000064;1.500000000000001;24.169830056250554
0.10000000000000064;1.6000000000000012;22.569999999999986
0.10000000000000064;1.7000000000000013;17.89999999999995
0.10000000000000064;1.8000000000000014;12.069660112501001
0.10000000000000064;1.9000000000000015;7.439660112501034
0.20000000000000065;-2.0;10.949830056250562
0.20000000000000065;-1.9;12.46966011250109
0.20000000000000065;-1.7999999999999998;17.099660112501105
0.20000000000000065;-1.6999999999999997;22.930000000000057
0.20000000000000065;-1.5999999999999996;27.600000000000048
0.20000000000000065;-1.4999999999999996;29.199830056250562
0.20000000000000065;-1.3999999999999995;27.00000000000001
0.20000000000000065;-1.2999999999999994;21.729999999999997
0.20000000000000065;-1.1999999999999993;15.29966011250104
0.20000000000000065;-1.0999999999999992;10.069660112501053
0.20000000000000065;-0.9999999999999992;7.949830056250562
0.20000000000000065;-0.8999999999999992;9.669660112501115
0.20000000000000065;-0.7999999999999993;14.499660112501132
0.20000000000000065;-0.6999999999999993;20.53000000000008
0.20000000000000065;-0.5999999999999993;25.400000000000063
0.20000000000000065;-0.49999999999999933;27.199830056250562
0.20000000000000065;-0.39999999999999936;25.20000000000001
0.20000000000000065;-0.2999999999999994;20.129999999999995
0.20000000000000065;-0.19999999999999937;13.89966011250105
0.20000000000000065;-0.09999999999999937;8.869660112501066
0.20000000000000065;6.38378239159465E-16;6.949830056250562
0.20000000000000065;0.10000000000000064;8.869660112501112
0.20000000000000065;0.20000000000000065;13.899660112501124
0.20000000000000065;0.30000000000000066;20.130000000000077
0.20000000000000065;0.4000000000000007;25.20000000000006
0.20000000000000065;0.5000000000000007;27.199830056250562
0.20000000000000065;0.6000000000000006;25.400000000000013
0.20000000000000065;0.7000000000000006;20.53000000000001
0.20000000000000065;0.8000000000000006;14.499660112501056
0.20000000000000065;0.9000000000000006;9.66966011250107
0.20000000000000065;1.0000000000000007;7.949830056250562
0.20000000000000065;1.1000000000000008;10.069660112501113
0.20000000000000065;1.2000000000000008;15.299660112501137
0.20000000000000065;1.300000000000001;21.730000000000086
0.20000000000000065;1.400000000000001;27.00000000000008
0.20000000000000065;1.500000000000001;29.199830056250565
0.20000000000000065;1.6000000000000012;27.599999999999998
0.20000000000000065;1.7000000000000013;22.92999999999996
0.20000000000000065;1.8000000000000014;17.099660112501013
0.20000000000000065;1.9000000000000015;12.469660112501046
0.30000000000000066;-2.0;17.180169943749515
0.30000000000000066;-1.9;18.700000000000045
0.30000000000000066;-1.7999999999999998;23.330000000000062
0.30000000000000066;-1.6999999999999997;29.16033988749901
0.30000000000000066;-1.5999999999999996;33.830339887499
0.30000000000000066;-1.4999999999999996;35.43016994374952
0.30000000000000066;-1.3999999999999995;33.230339887498964
0.30000000000000066;-1.2999999999999994;27.96033988749895
0.30000000000000066;-1.1999999999999993;21.529999999999994
0.30000000000000066;-1.0999999999999992;16.300000000000004
0.30000000000000066;-0.9999999999999992;14.180169943749515
0.30000000000000066;-0.8999999999999992;15.900000000000068
0.30000000000000066;-0.7999999999999993;20.730000000000082
0.30000000000000066;-0.6999999999999993;26.760339887499033
0.30000000000000066;-0.5999999999999993;31.630339887499016
0.30000000000000066;-0.49999999999999933;33.43016994374952
0.30000000000000066;-0.39999999999999936;31.430339887498967
0.30000000000000066;-0.2999999999999994;26.360339887498952
0.30000000000000066;-0.19999999999999937;20.130000000000003
0.30000000000000066;-0.09999999999999937;15.10000000000002
0.30000000000000066;6.38378239159465E-16;13.180169943749515
0.30000000000000066;0.10000000000000064;15.100000000000065
0.30000000000000066;0.20000000000000065;20.130000000000077
0.30000000000000066;0.30000000000000066;26.36033988749903
0.30000000000000066;0.4000000000000007;31.430339887499017
0.30000000000000066;0.5000000000000007;33.43016994374952
0.30000000000000066;0.6000000000000006;31.630339887498966
0.30000000000000066;0.7000000000000006;26.760339887498958
0.30000000000000066;0.8000000000000006;20.73000000000001
0.30000000000000066;0.9000000000000006;15.900000000000023
0.30000000000000066;1.0000000000000007;14.180169943749515
0.30000000000000066;1.1000000000000008;16.300000000000068
0.30000000000000066;1.2000000000000008;21.53000000000009
0.30000000000000066;1.300000000000001;27.96033988749904
0.30000000000000066;1.400000000000001;33.230339887499035
0.30000000000000066;1.500000000000001;35.43016994374952
0.30000000000000066;1.6000000000000012;33.83033988749895
0.30000000000000066;1.7000000000000013;29.160339887498914
0.30000000000000066;1.8000000000000014;23.329999999999966
0.30000000000000066;1.9000000000000015;18.7
0.4000000000000007;-2.0;22.250169943749498
0.4000000000000007;-1.9;23.770000000000024
0.4000000000000007;-1.7999999999999998;28.40000000000004
0.4000000000000007;-1.6999999999999997;34.23033988749899
0.4000000000000007;-1.5999999999999996;38.90033988749899
0.4000000000000007;-1.4999999999999996;40.5001699437495
0.4000000000000007;-1.3999999999999995;38.30033988749895
0.4000000000000007;-1.2999999999999994;33.03033988749893
0.4000000000000007;-1.1999999999999993;26.599999999999977
0.4000000000000007;-1.0999999999999992;21.36999999999999
0.4000000000000007;-0.9999999999999992;19.250169943749498
0.4000000000000007;-0.8999999999999992;20.97000000000005
0.4000000000000007;-0.7999999999999993;25.800000000000068
0.4000000000000007;-0.6999999999999993;31.830339887499015
0.4000000000000007;-0.5999999999999993;36.700339887499
0.4000000000000007;-0.49999999999999933;38.5001699437495
0.4000000000000007;-0.39999999999999936;36.500339887498946
0.4000000000000007;-0.2999999999999994;31.43033988749893
0.4000000000000007;-0.19999999999999937;25.199999999999985
0.4000000000000007;-0.09999999999999937;20.17
0.4000000000000007;6.38378239159465E-16;18.250169943749498
0.4000000000000007;0.10000000000000064;20.170000000000048
0.4000000000000007;0.20000000000000065;25.20000000000006
0.4000000000000007;0.30000000000000066;31.430339887499013
0.4000000000000007;0.4000000000000007;36.500339887498995
0.4000000000000007;0.5000000000000007;38.5001699437495
0.4000000000000007;0.6000000000000006;36.70033988749895
0.4000000000000007;0.7000000000000006;31.830339887498944
0.4000000000000007;0.8000000000000006;25.799999999999994
0.4000000000000007;0.9000000000000006;20.970000000000006
0.4000000000000007;1.0000000000000007;19.250169943749498
0.4000000000000007;1.1000000000000008;21.370000000000047
0.4000000000000007;1.2000000000000008;26.600000000000072
0.4000000000000007;1.300000000000001;33.03033988749902
0.4000000000000007;1.400000000000001;38.30033988749902
0.4000000000000007;1.500000000000001;40.5001699437495
0.4000000000000007;1.6000000000000012;38.90033988749893
0.4000000000000007;1.7000000000000013;34.23033988749889
0.4000000000000007;1.8000000000000014;28.39999999999995
0.4000000000000007;1.9000000000000015;23.769999999999982
0.5000000000000007;-2.0;24.25
0.5000000000000007;-1.9;25.769830056250527
0.5000000000000007;-1.7999999999999998;30.39983005625055
0.5000000000000007;-1.6999999999999997;36.230169943749495
0.5000000000000007;-1.5999999999999996;40.90016994374949
0.5000000000000007;-1.4999999999999996;42.5
0.5000000000000007;-1.3999999999999995;40.30016994374945
0.5000000000000007;-1.2999999999999994;35.030169943749435
0.5000000000000007;-1.1999999999999993;28.59983005625048
0.5000000000000007;-1.0999999999999992;23.369830056250493
0.5000000000000007;-0.9999999999999992;21.25
0.5000000000000007;-0.8999999999999992;22.96983005625055
0.5000000000000007;-0.7999999999999993;27.79983005625057
0.5000000000000007;-0.6999999999999993;33.83016994374952
0.5000000000000007;-0.5999999999999993;38.7001699437495
0.5000000000000007;-0.49999999999999933;40.5
0.5000000000000007;-0.39999999999999936;38.50016994374945
0.5000000000000007;-0.2999999999999994;33.43016994374943
0.5000000000000007;-0.19999999999999937;27.199830056250487
0.5000000000000007;-0.09999999999999937;22.169830056250504
0.5000000000000007;6.38378239159465E-16;20.25
0.5000000000000007;0.10000000000000064;22.16983005625055
0.5000000000000007;0.20000000000000065;27.199830056250562
0.5000000000000007;0.30000000000000066;33.43016994374951
0.5000000000000007;0.4000000000000007;38.5001699437495
0.5000000000000007;0.5000000000000007;40.5
0.5000000000000007;0.6000000000000006;38.70016994374945
0.5000000000000007;0.7000000000000006;33.830169943749446
0.5000000000000007;0.8000000000000006;27.799830056250496
0.5000000000000007;0.9000000000000006;22.969830056250508
0.5000000000000007;1.0000000000000007;21.25
0.5000000000000007;1.1000000000000008;23.36983005625055
0.5000000000000007;1.2000000000000008;28.599830056250575
0.5000000000000007;1.300000000000001;35.03016994374952
0.5000000000000007;1.400000000000001;40.300169943749516
0.5000000000000007;1.500000000000001;42.5
0.5000000000000007;1.6000000000000012;40.90016994374943
0.5000000000000007;1.7000000000000013;36.2301699437494
0.5000000000000007;1.8000000000000014;30.399830056250448
0.5000000000000007;1.9000000000000015;25.769830056250484
0.6000000000000006;-2.0;22.45016994374945
0.6000000000000006;-1.9;23.969999999999978
0.6000000000000006;-1.7999999999999998;28.599999999999994
0.6000000000000006;-1.6999999999999997;34.430339887498945
0.6000000000000006;-1.5999999999999996;39.10033988749893
0.6000000000000006;-1.4999999999999996;40.70016994374945
0.6000000000000006;-1.3999999999999995;38.500339887498896
0.6000000000000006;-1.2999999999999994;33.230339887498886
0.6000000000000006;-1.1999999999999993;26.79999999999993
0.6000000000000006;-1.0999999999999992;21.569999999999943
0.6000000000000006;-0.9999999999999992;19.45016994374945
0.6000000000000006;-0.8999999999999992;21.17
0.6000000000000006;-0.7999999999999993;26.00000000000002
0.6000000000000006;-0.6999999999999993;32.03033988749897
0.6000000000000006;-0.5999999999999993;36.90033988749895
0.6000000000000006;-0.49999999999999933;38.70016994374945
0.6000000000000006;-0.39999999999999936;36.7003398874989
0.6000000000000006;-0.2999999999999994;31.630339887498884
0.6000000000000006;-0.19999999999999937;25.399999999999938
0.6000000000000006;-0.09999999999999937;20.369999999999955
0.6000000000000006;6.38378239159465E-16;18.45016994374945
0.6000000000000006;0.10000000000000064;20.37
0.6000000000000006;0.20000000000000065;25.400000000000013
0.6000000000000006;0.30000000000000066;31.630339887498966
0.6000000000000006;0.4000000000000007;36.70033988749895
0.6000000000000006;0.5000000000000007;38.70016994374945
0.6000000000000006;0.6000000000000006;36.9003398874989
0.6000000000000006;0.7000000000000006;32.0303398874989
0.6000000000000006;0.8000000000000006;25.999999999999947
0.6000000000000006;0.9000000000000006;21.16999999999996
0.6000000000000006;1.0000000000000007;19.45016994374945
0.6000000000000006;1.1000000000000008;21.57
0.6000000000000006;1.2000000000000008;26.800000000000026
0.6000000000000006;1.300000000000001;33.23033988749897
0.6000000000000006;1.400000000000001;38.50033988749897
0.6000000000000006;1.500000000000001;40.70016994374946
0.6000000000000006;1.6000000000000012;39.10033988749889
0.6000000000000006;1.7000000000000013;34.430339887498846
0.6000000000000006;1.8000000000000014;28.599999999999902
0.6000000000000006;1.9000000000000015;23.969999999999935
0.7000000000000006;-2.0;17.580169943749446
0.7000000000000006;-1.9;19.099999999999973
0.7000000000000006;-1.7999999999999998;23.72999999999999
0.7000000000000006;-1.6999999999999997;29.56033988749894
0.7000000000000006;-1.5999999999999996;34.23033988749893
0.7000000000000006;-1.4999999999999996;35.830169943749446
0.7000000000000006;-1.3999999999999995;33.63033988749889
0.7000000000000006;-1.2999999999999994;28.36033988749888
0.7000000000000006;-1.1999999999999993;21.929999999999925
0.7000000000000006;-1.0999999999999992;16.69999999999994
0.7000000000000006;-0.9999999999999992;14.580169943749446
0.7000000000000006;-0.8999999999999992;16.299999999999997
0.7000000000000006;-0.7999999999999993;21.130000000000017
0.7000000000000006;-0.6999999999999993;27.160339887498964
0.7000000000000006;-0.5999999999999993;32.03033988749895
0.7000000000000006;-0.49999999999999933;33.830169943749446
0.7000000000000006;-0.39999999999999936;31.830339887498894
0.7000000000000006;-0.2999999999999994;26.76033988749888
0.7000000000000006;-0.19999999999999937;20.529999999999934
0.7000000000000006;-0.09999999999999937;15.49999999999995
0.7000000000000006;6.38378239159465E-16;13.580169943749446
0.7000000000000006;0.10000000000000064;15.499999999999996
0.7000000000000006;0.20000000000000065;20.53000000000001
0.7000000000000006;0.30000000000000066;26.76033988749896
0.7000000000000006;0.4000000000000007;31.830339887498944
0.7000000000000006;0.5000000000000007;33.830169943749446
0.7000000000000006;0.6000000000000006;32.0303398874989
0.7000000000000006;0.7000000000000006;27.160339887498893
0.7000000000000006;0.8000000000000006;21.129999999999942
0.7000000000000006;0.9000000000000006;16.299999999999955
0.7000000000000006;1.0000000000000007;14.580169943749446
0.7000000000000006;1.1000000000000008;16.699999999999996
0.7000000000000006;1.2000000000000008;21.93000000000002
0.7000000000000006;1.300000000000001;28.36033988749897
0.7000000000000006;1.400000000000001;33.63033988749896
0.7000000000000006;1.500000000000001;35.83016994374945
0.7000000000000006;1.6000000000000012;34.230339887498886
0.7000000000000006;1.7000000000000013;29.560339887498845
0.7000000000000006;1.8000000000000014;23.729999999999897
0.7000000000000006;1.9000000000000015;19.09999999999993
0.8000000000000006;-2.0;11.549830056250496
0.8000000000000006;-1.9;13.069660112501024
0.8000000000000006;-1.7999999999999998;17.699660112501043
0.8000000000000006;-1.6999999999999997;23.52999999999999
0.8000000000000006;-1.5999999999999996;28.19999999999998
0.8000000000000006;-1.4999999999999996;29.799830056250496
0.8000000000000006;-1.3999999999999995;27.599999999999945
0.8000000000000006;-1.2999999999999994;22.32999999999993
0.8000000000000006;-1.1999999999999993;15.899660112500975
0.8000000000000006;-1.0999999999999992;10.669660112500987
0.8000000000000006;-0.9999999999999992;8.549830056250496
0.8000000000000006;-0.8999999999999992;10.269660112501048
0.8000000000000006;-0.7999999999999993;15.099660112501063
0.8000000000000006;-0.6999999999999993;21.130000000000013
0.8000000000000006;-0.5999999999999993;25.999999999999996
0.8000000000000006;-0.49999999999999933;27.799830056250496
0.8000000000000006;-0.39999999999999936;25.799999999999947
0.8000000000000006;-0.2999999999999994;20.729999999999933
0.8000000000000006;-0.19999999999999937;14.499660112500983
0.8000000000000006;-0.09999999999999937;9.469660112501
0.8000000000000006;6.38378239159465E-16;7.549830056250496
0.8000000000000006;0.10000000000000064;9.469660112501046
0.8000000000000006;0.20000000000000065;14.499660112501058
0.8000000000000006;0.30000000000000066;20.73000000000001
0.8000000000000006;0.4000000000000007;25.799999999999997
0.8000000000000006;0.5000000000000007;27.799830056250496
0.8000000000000006;0.6000000000000006;25.999999999999947
0.8000000000000006;0.7000000000000006;21.12999999999994
0.8000000000000006;0.8000000000000006;15.09966011250099
0.8000000000000006;0.9000000000000006;10.269660112501004
0.8000000000000006;1.0000000000000007;8.549830056250496
0.8000000000000006;1.1000000000000008;10.669660112501047
0.8000000000000006;1.2000000000000008;15.89966011250107
0.8000000000000006;1.300000000000001;22.33000000000002
0.8000000000000006;1.400000000000001;27.600000000000016
0.8000000000000006;1.500000000000001;29.7998300562505
0.8000000000000006;1.6000000000000012;28.199999999999935
0.8000000000000006;1.7000000000000013;23.529999999999895
0.8000000000000006;1.8000000000000014;17.699660112500947
0.8000000000000006;1.9000000000000015;13.06966011250098
0.9000000000000006;-2.0;6.719830056250508
0.9000000000000006;-1.9;8.239660112501037
0.9000000000000006;-1.7999999999999998;12.869660112501053
0.9000000000000006;-1.6999999999999997;18.700000000000003
0.9000000000000006;-1.5999999999999996;23.369999999999994
0.9000000000000006;-1.4999999999999996;24.969830056250508
0.9000000000000006;-1.3999999999999995;22.76999999999996
0.9000000000000006;-1.2999999999999994;17.499999999999943
0.9000000000000006;-1.1999999999999993;11.069660112500987
0.9000000000000006;-1.0999999999999992;5.839660112500999
0.9000000000000006;-0.9999999999999992;3.7198300562505064
0.9000000000000006;-0.8999999999999992;5.439660112501061
0.9000000000000006;-0.7999999999999993;10.269660112501077
0.9000000000000006;-0.6999999999999993;16.300000000000026
0.9000000000000006;-0.5999999999999993;21.17000000000001
0.9000000000000006;-0.49999999999999933;22.969830056250508
0.9000000000000006;-0.39999999999999936;20.969999999999956
0.9000000000000006;-0.2999999999999994;15.899999999999944
0.9000000000000006;-0.19999999999999937;9.669660112500996
0.9000000000000006;-0.09999999999999937;4.63966011250101
0.9000000000000006;6.38378239159465E-16;2.719830056250508
0.9000000000000006;0.10000000000000064;4.639660112501057
0.9000000000000006;0.20000000000000065;9.669660112501072
0.9000000000000006;0.30000000000000066;15.900000000000022
0.9000000000000006;0.4000000000000007;20.970000000000006
0.9000000000000006;0.5000000000000007;22.969830056250508
0.9000000000000006;0.6000000000000006;21.16999999999996
0.9000000000000006;0.7000000000000006;16.29999999999995
0.9000000000000006;0.8000000000000006;10.269660112501002
0.9000000000000006;0.9000000000000006;5.439660112501015
0.9000000000000006;1.0000000000000007;3.71983005625051
0.9000000000000006;1.1000000000000008;5.839660112501059
0.9000000000000006;1.2000000000000008;11.069660112501083
0.9000000000000006;1.300000000000001;17.500000000000032
0.9000000000000006;1.400000000000001;22.770000000000024
0.9000000000000006;1.500000000000001;24.96983005625051
0.9000000000000006;1.6000000000000012;23.369999999999948
0.9000000000000006;1.7000000000000013;18.699999999999907
0.9000000000000006;1.8000000000000014;12.86966011250096
0.9000000000000006;1.9000000000000015;8.239660112500992
1.0000000000000007;-2.0;5.0
1.0000000000000007;-1.9;6.5198300562505285
1.0000000000000007;-1.7999999999999998;11.149830056250545
1.0000000000000007;-1.6999999999999997;16.980169943749495
1.0000000000000007;-1.5999999999999996;21.650169943749486
1.0000000000000007;-1.4999999999999996;23.25
1.0000000000000007;-1.3999999999999995;21.050169943749452
1.0000000000000007;-1.2999999999999994;15.780169943749435
1.0000000000000007;-1.1999999999999993;9.349830056250479
1.0000000000000007;-1.0999999999999992;4.119830056250491
1.0000000000000007;-0.9999999999999992;1.9999999999999982
1.0000000000000007;-0.8999999999999992;3.7198300562505526
1.0000000000000007;-0.7999999999999993;8.549830056250569
1.0000000000000007;-0.6999999999999993;14.580169943749517
1.0000000000000007;-0.5999999999999993;19.4501699437495
1.0000000000000007;-0.49999999999999933;21.25
1.0000000000000007;-0.39999999999999936;19.250169943749448
1.0000000000000007;-0.2999999999999994;14.180169943749435
1.0000000000000007;-0.19999999999999937;7.949830056250486
1.0000000000000007;-0.09999999999999937;2.919830056250502
1.0000000000000007;6.38378239159465E-16;1.0
1.0000000000000007;0.10000000000000064;2.9198300562505484
1.0000000000000007;0.20000000000000065;7.949830056250564
1.0000000000000007;0.30000000000000066;14.180169943749513
1.0000000000000007;0.4000000000000007;19.250169943749498
1.0000000000000007;0.5000000000000007;21.25
1.0000000000000007;0.6000000000000006;19.45016994374945
1.0000000000000007;0.7000000000000006;14.580169943749443
1.0000000000000007;0.8000000000000006;8.549830056250494
1.0000000000000007;0.9000000000000006;3.7198300562505064
1.0000000000000007;1.0000000000000007;2.0000000000000018
1.0000000000000007;1.1000000000000008;4.119830056250551
1.0000000000000007;1.2000000000000008;9.349830056250575
1.0000000000000007;1.300000000000001;15.780169943749524
1.0000000000000007;1.400000000000001;21.050169943749516
1.0000000000000007;1.500000000000001;23.250000000000004
1.0000000000000007;1.6000000000000012;21.65016994374944
1.0000000000000007;1.7000000000000013;16.9801699437494
1.0000000000000007;1.8000000000000014;11.149830056250451
1.0000000000000007;1.9000000000000015;6.519830056250484
1.1000000000000008;-2.0;7.119830056250549
1.1000000000000008;-1.9;8.639660112501081
1.1000000000000008;-1.7999999999999998;13.269660112501098
1.1000000000000008;-1.6999999999999997;19.100000000000044
1.1000000000000008;-1.5999999999999996;23.77000000000004
1.1000000000000008;-1.4999999999999996;25.36983005625055
1.1000000000000008;-1.3999999999999995;23.17
1.1000000000000008;-1.2999999999999994;17.899999999999984
1.1000000000000008;-1.1999999999999993;11.46966011250103
1.1000000000000008;-1.0999999999999992;6.239660112501044
1.1000000000000008;-0.9999999999999992;4.119830056250549
1.1000000000000008;-0.8999999999999992;5.839660112501104
1.1000000000000008;-0.7999999999999993;10.66966011250112
1.1000000000000008;-0.6999999999999993;16.700000000000067
1.1000000000000008;-0.5999999999999993;21.57000000000005
1.1000000000000008;-0.49999999999999933;23.36983005625055
1.1000000000000008;-0.39999999999999936;21.37
1.1000000000000008;-0.2999999999999994;16.299999999999986
1.1000000000000008;-0.19999999999999937;10.069660112501037
1.1000000000000008;-0.09999999999999937;5.039660112501053
1.1000000000000008;6.38378239159465E-16;3.119830056250551
1.1000000000000008;0.10000000000000064;5.0396601125011
1.1000000000000008;0.20000000000000065;10.069660112501115
1.1000000000000008;0.30000000000000066;16.300000000000065
1.1000000000000008;0.4000000000000007;21.37000000000005
1.1000000000000008;0.5000000000000007;23.36983005625055
1.1000000000000008;0.6000000000000006;21.570000000000004
1.1000000000000008;0.7000000000000006;16.699999999999996
1.1000000000000008;0.8000000000000006;10.669660112501045
1.1000000000000008;0.9000000000000006;5.839660112501058
1.1000000000000008;1.0000000000000007;4.119830056250553
1.1000000000000008;1.1000000000000008;6.239660112501104
1.1000000000000008;1.2000000000000008;11.469660112501126
1.1000000000000008;1.300000000000001;17.900000000000077
1.1000000000000008;1.400000000000001;23.17000000000007
1.1000000000000008;1.500000000000001;25.369830056250557
1.1000000000000008;1.6000000000000012;23.76999999999999
1.1000000000000008;1.7000000000000013;19.09999999999995
1.1000000000000008;1.8000000000000014;13.269660112501
1.1000000000000008;1.9000000000000015;8.639660112501033
1.2000000000000008;-2.0;12.349830056250575
1.2000000000000008;-1.9;13.869660112501103
1.2000000000000008;-1.7999999999999998;18.499660112501118
1.2000000000000008;-1.6999999999999997;24.33000000000007
1.2000000000000008;-1.5999999999999996;29.00000000000006
1.2000000000000008;-1.4999999999999996;30.599830056250575
1.2000000000000008;-1.3999999999999995;28.400000000000023
1.2000000000000008;-1.2999999999999994;23.13000000000001
1.2000000000000008;-1.1999999999999993;16.699660112501054
1.2000000000000008;-1.0999999999999992;11.469660112501066
1.2000000000000008;-0.9999999999999992;9.349830056250575
1.2000000000000008;-0.8999999999999992;11.069660112501127
1.2000000000000008;-0.7999999999999993;15.899660112501145
1.2000000000000008;-0.6999999999999993;21.930000000000092
1.2000000000000008;-0.5999999999999993;26.800000000000075
1.2000000000000008;-0.49999999999999933;28.599830056250575
1.2000000000000008;-0.39999999999999936;26.600000000000023
1.2000000000000008;-0.2999999999999994;21.53000000000001
1.2000000000000008;-0.19999999999999937;15.299660112501062
1.2000000000000008;-0.09999999999999937;10.269660112501079
1.2000000000000008;6.38378239159465E-16;8.349830056250575
1.2000000000000008;0.10000000000000064;10.269660112501125
1.2000000000000008;0.20000000000000065;15.299660112501137
1.2000000000000008;0.30000000000000066;21.53000000000009
1.2000000000000008;0.4000000000000007;26.600000000000072
1.2000000000000008;0.5000000000000007;28.599830056250575
1.2000000000000008;0.6000000000000006;26.800000000000026
1.2000000000000008;0.7000000000000006;21.93000000000002
1.2000000000000008;0.8000000000000006;15.899660112501069
1.2000000000000008;0.9000000000000006;11.069660112501083
1.2000000000000008;1.0000000000000007;9.349830056250575
1.2000000000000008;1.1000000000000008;11.469660112501126
1.2000000000000008;1.2000000000000008;16.69966011250115
1.2000000000000008;1.300000000000001;23.1300000000001
1.2000000000000008;1.400000000000001;28.400000000000095
1.2000000000000008;1.500000000000001;30.59983005625058
1.2000000000000008;1.6000000000000012;29.00000000000001
1.2000000000000008;1.7000000000000013;24.329999999999973
1.2000000000000008;1.8000000000000014;18.499660112501026
1.2000000000000008;1.9000000000000015;13.869660112501059
1.300000000000001;-2.0;18.780169943749524
1.300000000000001;-1.9;20.300000000000054
1.300000000000001;-1.7999999999999998;24.93000000000007
1.300000000000001;-1.6999999999999997;30.76033988749902
1.300000000000001;-1.5999999999999996;35.43033988749901
1.300000000000001;-1.4999999999999996;37.03016994374953
1.300000000000001;-1.3999999999999995;34.83033988749897
1.300000000000001;-1.2999999999999994;29.56033988749896
1.300000000000001;-1.1999999999999993;23.130000000000003
1.300000000000001;-1.0999999999999992;17.900000000000013
1.300000000000001;-0.9999999999999992;15.780169943749524
1.300000000000001;-0.8999999999999992;17.500000000000078
1.300000000000001;-0.7999999999999993;22.33000000000009
1.300000000000001;-0.6999999999999993;28.36033988749904
1.300000000000001;-0.5999999999999993;33.23033988749903
1.300000000000001;-0.49999999999999933;35.03016994374953
1.300000000000001;-0.39999999999999936;33.030339887498975
1.300000000000001;-0.2999999999999994;27.96033988749896
1.300000000000001;-0.19999999999999937;21.73000000000001
1.300000000000001;-0.09999999999999937;16.700000000000028
1.300000000000001;6.38378239159465E-16;14.780169943749524
1.300000000000001;0.10000000000000064;16.700000000000074
1.300000000000001;0.20000000000000065;21.730000000000086
1.300000000000001;0.30000000000000066;27.96033988749904
1.300000000000001;0.4000000000000007;33.030339887499025
1.300000000000001;0.5000000000000007;35.03016994374953
1.300000000000001;0.6000000000000006;33.23033988749897
1.300000000000001;0.7000000000000006;28.360339887498967
1.300000000000001;0.8000000000000006;22.33000000000002
1.300000000000001;0.9000000000000006;17.500000000000032
1.300000000000001;1.0000000000000007;15.780169943749524
1.300000000000001;1.1000000000000008;17.900000000000077
1.300000000000001;1.2000000000000008;23.1300000000001
1.300000000000001;1.300000000000001;29.560339887499048
1.300000000000001;1.400000000000001;34.83033988749904
1.300000000000001;1.500000000000001;37.03016994374953
1.300000000000001;1.6000000000000012;35.43033988749896
1.300000000000001;1.7000000000000013;30.760339887498922
1.300000000000001;1.8000000000000014;24.929999999999975
1.300000000000001;1.9000000000000015;20.300000000000008
1.400000000000001;-2.0;24.050169943749523
1.400000000000001;-1.9;25.57000000000005
1.400000000000001;-1.7999999999999998;30.200000000000067
1.400000000000001;-1.6999999999999997;36.03033988749901
1.400000000000001;-1.5999999999999996;40.700339887499005
1.400000000000001;-1.4999999999999996;42.300169943749516
1.400000000000001;-1.3999999999999995;40.10033988749897
1.400000000000001;-1.2999999999999994;34.83033988749895
1.400000000000001;-1.1999999999999993;28.4
1.400000000000001;-1.0999999999999992;23.17000000000001
1.400000000000001;-0.9999999999999992;21.05016994374952
1.400000000000001;-0.8999999999999992;22.770000000000074
1.400000000000001;-0.7999999999999993;27.600000000000087
1.400000000000001;-0.6999999999999993;33.630339887499034
1.400000000000001;-0.5999999999999993;38.500339887499024
1.400000000000001;-0.49999999999999933;40.30016994374952
1.400000000000001;-0.39999999999999936;38.30033988749897
1.400000000000001;-0.2999999999999994;33.23033988749896
1.400000000000001;-0.19999999999999937;27.000000000000007
1.400000000000001;-0.09999999999999937;21.970000000000024
1.400000000000001;6.38378239159465E-16;20.05016994374952
1.400000000000001;0.10000000000000064;21.97000000000007
1.400000000000001;0.20000000000000065;27.00000000000008
1.400000000000001;0.30000000000000066;33.230339887499035
1.400000000000001;0.4000000000000007;38.30033988749902
1.400000000000001;0.5000000000000007;40.30016994374952
1.400000000000001;0.6000000000000006;38.50033988749897
1.400000000000001;0.7000000000000006;33.63033988749896
1.400000000000001;0.8000000000000006;27.600000000000016
1.400000000000001;0.9000000000000006;22.770000000000028
1.400000000000001;1.0000000000000007;21.05016994374952
1.400000000000001;1.1000000000000008;23.170000000000073
1.400000000000001;1.2000000000000008;28.400000000000095
1.400000000000001;1.300000000000001;34.83033988749904
1.400000000000001;1.400000000000001;40.10033988749904
1.400000000000001;1.500000000000001;42.30016994374952
1.400000000000001;1.6000000000000012;40.700339887498956
1.400000000000001;1.7000000000000013;36.03033988749892
1.400000000000001;1.8000000000000014;30.19999999999997
1.400000000000001;1.9000000000000015;25.57
1.500000000000001;-2.0;26.25
1.500000000000001;-1.9;27.769830056250527
1.500000000000001;-1.7999999999999998;32.39983005625055
1.500000000000001;-1.6999999999999997;38.230169943749495
1.500000000000001;-1.5999999999999996;42.90016994374949
1.500000000000001;-1.4999999999999996;44.5
1.500000000000001;-1.3999999999999995;42.30016994374945
1.500000000000001;-1.2999999999999994;37.030169943749435
1.500000000000001;-1.1999999999999993;30.59983005625048
1.500000000000001;-1.0999999999999992;25.369830056250493
1.500000000000001;-0.9999999999999992;23.25
1.500000000000001;-0.8999999999999992;24.96983005625055
1.500000000000001;-0.7999999999999993;29.79983005625057
1.500000000000001;-0.6999999999999993;35.83016994374952
1.500000000000001;-0.5999999999999993;40.7001699437495
1.500000000000001;-0.49999999999999933;42.5
1.500000000000001;-0.39999999999999936;40.50016994374945
1.500000000000001;-0.2999999999999994;35.43016994374943
1.500000000000001;-0.19999999999999937;29.199830056250487
1.500000000000001;-0.09999999999999937;24.1698300562505
1.500000000000001;6.38378239159465E-16;22.25
1.500000000000001;0.10000000000000064;24.169830056250547
1.500000000000001;0.20000000000000065;29.199830056250562
1.500000000000001;0.30000000000000066;35.43016994374952
1.500000000000001;0.4000000000000007;40.500169943749505
1.500000000000001;0.5000000000000007;42.5
1.500000000000001;0.6000000000000006;40.70016994374945
1.500000000000001;0.7000000000000006;35.830169943749446
1.500000000000001;0.8000000000000006;29.799830056250496
1.500000000000001;0.9000000000000006;24.969830056250508
1.500000000000001;1.0000000000000007;23.25
1.500000000000001;1.1000000000000008;25.36983005625055
1.500000000000001;1.2000000000000008;30.59983005625058
1.500000000000001;1.300000000000001;37.03016994374953
1.500000000000001;1.400000000000001;42.300169943749516
1.500000000000001;1.500000000000001;44.5
1.500000000000001;1.6000000000000012;42.90016994374943
1.500000000000001;1.7000000000000013;38.2301699437494
1.500000000000001;1.8000000000000014;32.39983005625045
1.500000000000001;1.9000000000000015;27.769830056250484
1.6000000000000012;-2.0;24.650169943749432
1.6000000000000012;-1.9;26.169999999999966
1.6000000000000012;-1.7999999999999998;30.799999999999983
1.6000000000000012;-1.6999999999999997;36.63033988749893
1.6000000000000012;-1.5999999999999996;41.30033988749892
1.6000000000000012;-1.4999999999999996;42.90016994374943
1.6000000000000012;-1.3999999999999995;40.700339887498885
1.6000000000000012;-1.2999999999999994;35.430339887498874
1.6000000000000012;-1.1999999999999993;28.99999999999992
1.6000000000000012;-1.0999999999999992;23.769999999999925
1.6000000000000012;-0.9999999999999992;21.650169943749436
1.6000000000000012;-0.8999999999999992;23.36999999999999
1.6000000000000012;-0.7999999999999993;28.200000000000003
1.6000000000000012;-0.6999999999999993;34.23033988749895
1.6000000000000012;-0.5999999999999993;39.10033988749893
1.6000000000000012;-0.49999999999999933;40.90016994374943
1.6000000000000012;-0.39999999999999936;38.90033988749889
1.6000000000000012;-0.2999999999999994;33.83033988749887
1.6000000000000012;-0.19999999999999937;27.599999999999923
1.6000000000000012;-0.09999999999999937;22.56999999999994
1.6000000000000012;6.38378239159465E-16;20.650169943749436
1.6000000000000012;0.10000000000000064;22.569999999999986
1.6000000000000012;0.20000000000000065;27.599999999999998
1.6000000000000012;0.30000000000000066;33.83033988749895
1.6000000000000012;0.4000000000000007;38.90033988749894
1.6000000000000012;0.5000000000000007;40.90016994374943
1.6000000000000012;0.6000000000000006;39.10033988749889
1.6000000000000012;0.7000000000000006;34.23033988749888
1.6000000000000012;0.8000000000000006;28.199999999999932
1.6000000000000012;0.9000000000000006;23.369999999999944
1.6000000000000012;1.0000000000000007;21.650169943749436
1.6000000000000012;1.1000000000000008;23.76999999999999
1.6000000000000012;1.2000000000000008;29.00000000000001
1.6000000000000012;1.300000000000001;35.43033988749896
1.6000000000000012;1.400000000000001;40.700339887498956
1.6000000000000012;1.500000000000001;42.90016994374944
1.6000000000000012;1.6000000000000012;41.30033988749888
1.6000000000000012;1.7000000000000013;36.630339887498835
1.6000000000000012;1.8000000000000014;30.799999999999887
1.6000000000000012;1.9000000000000015;26.169999999999916
1.7000000000000013;-2.0;19.9801699437494
1.7000000000000013;-1.9;21.49999999999993
1.7000000000000013;-1.7999999999999998;26.129999999999946
1.7000000000000013;-1.6999999999999997;31.960339887498893
1.7000000000000013;-1.5999999999999996;36.630339887498884
1.7000000000000013;-1.4999999999999996;38.2301699437494
1.7000000000000013;-1.3999999999999995;36.03033988749885
1.7000000000000013;-1.2999999999999994;30.760339887498834
1.7000000000000013;-1.1999999999999993;24.329999999999878
1.7000000000000013;-1.0999999999999992;19.099999999999888
1.7000000000000013;-0.9999999999999992;16.9801699437494
1.7000000000000013;-0.8999999999999992;18.699999999999953
1.7000000000000013;-0.7999999999999993;23.529999999999966
1.7000000000000013;-0.6999999999999993;29.560339887498916
1.7000000000000013;-0.5999999999999993;34.4303398874989
1.7000000000000013;-0.49999999999999933;36.2301699437494
1.7000000000000013;-0.39999999999999936;34.23033988749885
1.7000000000000013;-0.2999999999999994;29.160339887498836
1.7000000000000013;-0.19999999999999937;22.929999999999886
1.7000000000000013;-0.09999999999999937;17.899999999999903
1.7000000000000013;6.38378239159465E-16;15.980169943749399
1.7000000000000013;0.10000000000000064;17.89999999999995
1.7000000000000013;0.20000000000000065;22.92999999999996
1.7000000000000013;0.30000000000000066;29.160339887498914
1.7000000000000013;0.4000000000000007;34.2303398874989
1.7000000000000013;0.5000000000000007;36.2301699437494
1.7000000000000013;0.6000000000000006;34.430339887498846
1.7000000000000013;0.7000000000000006;29.56033988749884
1.7000000000000013;0.8000000000000006;23.529999999999895
1.7000000000000013;0.9000000000000006;18.699999999999907
1.7000000000000013;1.0000000000000007;16.9801699437494
1.7000000000000013;1.1000000000000008;19.09999999999995
1.7000000000000013;1.2000000000000008;24.329999999999973
1.7000000000000013;1.300000000000001;30.760339887498922
1.7000000000000013;1.400000000000001;36.03033988749892
1.7000000000000013;1.500000000000001;38.2301699437494
1.7000000000000013;1.6000000000000012;36.630339887498835
1.7000000000000013;1.7000000000000013;31.960339887498797
1.7000000000000013;1.8000000000000014;26.12999999999985
1.7000000000000013;1.9000000000000015;21.499999999999883
1.8000000000000014;-2.0;14.149830056250451
1.8000000000000014;-1.9;15.66966011250098
1.8000000000000014;-1.7999999999999998;20.299660112500995
1.8000000000000014;-1.6999999999999997;26.129999999999946
1.8000000000000014;-1.5999999999999996;30.799999999999937
1.8000000000000014;-1.4999999999999996;32.39983005625045
1.8000000000000014;-1.3999999999999995;30.1999999999999
1.8000000000000014;-1.2999999999999994;24.929999999999886
1.8000000000000014;-1.1999999999999993;18.49966011250093
1.8000000000000014;-1.0999999999999992;13.269660112500942
1.8000000000000014;-0.9999999999999992;11.149830056250451
1.8000000000000014;-0.8999999999999992;12.869660112501004
1.8000000000000014;-0.7999999999999993;17.69966011250102
1.8000000000000014;-0.6999999999999993;23.72999999999997
1.8000000000000014;-0.5999999999999993;28.59999999999995
1.8000000000000014;-0.49999999999999933;30.39983005625045
1.8000000000000014;-0.39999999999999936;28.3999999999999
1.8000000000000014;-0.2999999999999994;23.329999999999885
1.8000000000000014;-0.19999999999999937;17.09966011250094
1.8000000000000014;-0.09999999999999937;12.069660112500955
1.8000000000000014;6.38378239159465E-16;10.149830056250451
1.8000000000000014;0.10000000000000064;12.069660112501001
1.8000000000000014;0.20000000000000065;17.099660112501013
1.8000000000000014;0.30000000000000066;23.329999999999966
1.8000000000000014;0.4000000000000007;28.39999999999995
1.8000000000000014;0.5000000000000007;30.39983005625045
1.8000000000000014;0.6000000000000006;28.599999999999902
1.8000000000000014;0.7000000000000006;23.729999999999897
1.8000000000000014;0.8000000000000006;17.699660112500947
1.8000000000000014;0.9000000000000006;12.86966011250096
1.8000000000000014;1.0000000000000007;11.149830056250451
1.8000000000000014;1.1000000000000008;13.269660112501002
1.8000000000000014;1.2000000000000008;18.499660112501026
1.8000000000000014;1.300000000000001;24.929999999999975
1.8000000000000014;1.400000000000001;30.19999999999997
1.8000000000000014;1.500000000000001;32.39983005625045
1.8000000000000014;1.6000000000000012;30.799999999999887
1.8000000000000014;1.7000000000000013;26.12999999999985
1.8000000000000014;1.8000000000000014;20.299660112500902
1.8000000000000014;1.9000000000000015;15.669660112500935
1.9000000000000015;-2.0;9.519830056250484
1.9000000000000015;-1.9;11.039660112501013
1.9000000000000015;-1.7999999999999998;15.66966011250103
1.9000000000000015;-1.6999999999999997;21.49999999999998
1.9000000000000015;-1.5999999999999996;26.16999999999997
1.9000000000000015;-1.4999999999999996;27.769830056250484
1.9000000000000015;-1.3999999999999995;25.569999999999933
1.9000000000000015;-1.2999999999999994;20.29999999999992
1.9000000000000015;-1.1999999999999993;13.869660112500963
1.9000000000000015;-1.0999999999999992;8.639660112500975
1.9000000000000015;-0.9999999999999992;6.519830056250484
1.9000000000000015;-0.8999999999999992;8.239660112501037
1.9000000000000015;-0.7999999999999993;13.069660112501055
1.9000000000000015;-0.6999999999999993;19.1
1.9000000000000015;-0.5999999999999993;23.969999999999985
1.9000000000000015;-0.49999999999999933;25.769830056250484
1.9000000000000015;-0.39999999999999936;23.769999999999932
1.9000000000000015;-0.2999999999999994;18.699999999999918
1.9000000000000015;-0.19999999999999937;12.469660112500971
1.9000000000000015;-0.09999999999999937;7.439660112500986
1.9000000000000015;6.38378239159465E-16;5.519830056250484
1.9000000000000015;0.10000000000000064;7.439660112501032
1.9000000000000015;0.20000000000000065;12.469660112501048
1.9000000000000015;0.30000000000000066;18.7
1.9000000000000015;0.4000000000000007;23.769999999999982
1.9000000000000015;0.5000000000000007;25.769830056250484
1.9000000000000015;0.6000000000000006;23.969999999999935
1.9000000000000015;0.7000000000000006;19.09999999999993
1.9000000000000015;0.8000000000000006;13.069660112500978
1.9000000000000015;0.9000000000000006;8.239660112500992
1.9000000000000015;1.0000000000000007;6.519830056250484
1.9000000000000015;1.1000000000000008;8.639660112501035
1.9000000000000015;1.2000000000000008;13.869660112501059
1.9000000000000015;1.300000000000001;20.300000000000008
1.9000000000000015;1.400000000000001;25.570000000000004
1.9000000000000015;1.500000000000001;27.769830056250488
1.9000000000000015;1.6000000000000012;26.16999999999992
1.9000000000000015;1.7000000000000013;21.499999999999883
1.9000000000000015;1.8000000000000014;15.669660112500935
1.9000000000000015;1.9000000000000015;11.039660112500968
